0 0 1.185e-01 0.1000 130.87
0 1 8.956e-03 0.1000 268.85
0 2 7.719e-03 0.7257 405.77
0 3 1.445e-02 0.7843 516.35
0 4 1.346e-03 0.8413 625.37
0 5 6.980e-04 0.3926 730.81
0 6 1.228e-03 0.1778 836.00
0 7 6.536e-04 0.1676 946.40
0 8 7.422e-05 0.1591 1059.91
1 0 8.577e-06 0.1591 1172.77
1 1 7.987e-03 0.1591 1297.77
1 2 5.724e-04 0.7329 1417.55
1 3 1.082e-03 0.8263 1528.53
1 4 2.655e-04 0.9986 1638.82
1 5 2.463e-04 0.2509 1749.72
1 6 2.113e-04 0.1432 1859.30
1 7 1.280e-04 0.1391 1970.57
1 8 1.768e-05 0.4415 2081.38
2 0 4.059e-05 0.4415 2193.66
2 1 3.950e-03 0.4415 2310.86
2 2 5.980e-04 0.7916 2424.04
2 3 4.875e-04 0.7557 2537.42
2 4 9.433e-04 0.1835 2649.12
2 5 7.476e-04 0.1685 2762.15
2 6 7.571e-05 0.1620 2876.03
3 0 2.837e-05 0.1620 2993.47
3 1 6.113e-03 0.1620 3114.50
3 2 4.415e-04 0.7453 3234.49
3 3 8.683e-04 0.8157 3353.74
3 4 2.198e-04 1.0027 3471.50
3 5 3.106e-04 0.2741 3586.82
3 6 2.854e-04 0.1435 3701.34
3 7 1.373e-04 0.1387 3816.76
3 8 1.497e-05 0.7457 3934.27
4 0 8.277e-05 0.7457 4052.92
4 1 2.083e-03 0.7457 4170.19
4 2 4.853e-04 0.8226 4289.22
4 3 2.197e-04 0.7815 4410.30
4 4 3.526e-04 0.2099 4529.42
4 5 3.322e-04 0.1678 4649.80
4 6 5.939e-05 0.1843 4772.26
5 0 3.914e-05 0.1843 4891.62
5 1 4.826e-03 0.1843 5013.44
5 2 3.771e-04 0.7628 5136.08
5 3 6.742e-04 0.8131 5256.95
5 4 2.068e-04 0.9239 5379.62
5 5 5.221e-04 0.1807 5500.06
5 6 4.558e-04 0.1548 5622.31
5 7 7.513e-05 0.1387 5742.55
6 0 1.342e-05 0.1387 5865.37
6 1 1.499e-03 0.1387 5990.45
6 2 1.648e-04 0.8062 6113.98
6 3 2.557e-04 0.8701 6240.03
6 4 1.192e-04 0.7374 6362.11
6 5 3.285e-04 0.1758 6484.43
6 6 2.278e-04 0.1847 6605.62
6 7 2.383e-05 0.4167 6728.25
7 0 3.510e-05 0.4167 6853.52
7 1 4.006e-03 0.4167 6979.61
7 2 5.855e-04 0.7944 7108.10
7 3 4.942e-04 0.7911 7235.62
7 4 7.781e-04 0.1896 7359.91
7 5 6.480e-04 0.1696 7485.65
7 6 8.422e-05 0.1633 7610.88
8 0 2.464e-05 0.1633 7739.28
8 1 1.661e-03 0.1633 7868.65
8 2 1.750e-04 0.8291 7997.20
8 3 2.444e-04 0.9096 8123.95
8 4 1.115e-04 0.9510 8253.04
8 5 8.095e-05 0.1751 8383.66
9 0 5.958e-05 0.1751 8513.79
9 1 3.457e-03 0.1751 8645.88
9 2 2.763e-04 0.7660 8776.07
9 3 5.477e-04 0.8171 8905.36
9 4 1.058e-04 0.9399 9036.76
9 5 1.243e-04 0.2422 9164.73
9 6 4.422e-05 0.1478 9298.97
10 0 5.193e-05 0.1478 9429.30
10 1 1.787e-03 0.1478 9553.99
10 2 1.951e-04 0.8319 9681.10
10 3 2.656e-04 0.9470 9819.79
10 4 1.109e-04 0.7578 9952.87
10 5 3.703e-04 0.1766 10084.62
10 6 2.532e-04 0.1829 10218.65
10 7 3.925e-05 0.1747 10349.40
11 0 1.535e-05 0.1747 10483.59
11 1 3.185e-03 0.1747 10619.01
11 2 2.678e-04 0.7716 10751.58
11 3 5.098e-04 0.8182 10888.04
11 4 1.011e-04 0.9065 11021.28
11 5 2.901e-04 0.1777 11161.64
11 6 2.542e-04 0.1507 11295.54
11 7 4.408e-05 0.1393 11430.46
12 0 1.009e-05 0.1393 11566.32
12 1 2.073e-03 0.1393 11695.32
12 2 2.059e-04 0.8270 11827.24
12 3 2.657e-04 0.9792 11962.65
12 4 1.666e-04 0.6776 12102.33
12 5 5.941e-04 0.1764 12245.10
12 6 4.181e-04 0.1816 12380.84
12 7 3.531e-05 0.1743 12527.19
13 0 2.286e-05 0.1743 12665.54
13 1 3.028e-03 0.1743 12807.17
13 2 2.671e-04 0.7715 12945.06
13 3 4.955e-04 0.8196 13083.82
13 4 9.508e-05 0.8881 13221.31
14 0 3.208e-04 0.8881 13363.18
14 1 2.788e-03 0.8881 13496.23
14 2 7.884e-03 0.1223 13630.19
14 3 5.856e-03 0.1392 13769.28
14 4 1.386e-03 0.1595 13908.99
14 5 1.782e-04 0.3925 14052.17
14 6 6.159e-05 0.8879 14193.95
15 0 9.378e-05 0.8879 14334.42
15 1 2.850e-03 0.8879 14477.73
15 2 9.644e-04 0.7159 14619.98
15 3 8.654e-04 0.1526 14758.24
15 4 1.243e-03 0.1436 14902.32
15 5 3.960e-04 0.1571 15045.96
15 6 7.335e-05 0.2801 15190.08
16 0 2.769e-05 0.2801 15335.39
16 1 2.526e-03 0.2801 15477.06
16 2 2.532e-04 0.9102 15619.09
16 3 4.077e-04 0.9430 15766.24
16 4 1.505e-03 0.1665 15909.68
16 5 1.137e-03 0.1641 16055.80
16 6 7.704e-05 0.1344 16202.19
17 0 1.203e-04 0.1344 16351.30
17 1 2.948e-03 0.1344 16499.52
17 2 2.369e-04 0.7514 16648.37
17 3 5.472e-04 0.8306 16796.71
17 4 1.537e-04 0.7324 16945.69
17 5 4.351e-04 0.1728 17092.74
17 6 3.062e-04 0.1775 17242.04
17 7 2.715e-05 0.2720 17388.58
18 0 2.351e-05 0.2720 17539.29
18 1 2.786e-03 0.2720 17687.13
18 2 2.871e-04 0.9128 17832.30
18 3 4.473e-04 0.9560 17981.63
18 4 1.553e-03 0.1679 18131.62
18 5 1.192e-03 0.1637 18280.28
18 6 8.812e-05 0.1319 18431.35
19 0 1.544e-05 0.1319 18581.83
19 1 2.982e-03 0.1319 18736.63
19 2 2.479e-04 0.7391 18888.38
19 3 5.561e-04 0.8378 19040.01
19 4 1.982e-04 0.7080 19192.20
19 5 5.524e-04 0.1706 19343.86
19 6 3.835e-04 0.1763 19497.21
19 7 3.290e-05 0.2221 19648.54
20 0 2.658e-05 0.2221 19802.90
20 1 3.039e-03 0.2221 19957.52
20 2 2.817e-04 0.8857 20109.87
20 3 4.430e-04 1.0146 20261.80
20 4 1.019e-03 0.2163 20414.65
20 5 1.009e-03 0.1619 20568.63
20 6 2.488e-04 0.1466 20723.08
20 7 2.508e-05 0.2201 20878.48
21 0 2.177e-05 0.2201 21032.71
21 1 3.123e-03 0.2201 21191.53
21 2 3.785e-04 0.7803 21349.36
21 3 5.764e-04 0.8264 21506.28
21 4 5.192e-04 0.2820 21662.63
21 5 6.867e-04 0.1648 21820.48
21 6 2.753e-04 0.1508 21975.82
21 7 7.620e-05 0.1780 22131.81
22 0 2.218e-05 0.1780 22290.33
22 1 3.295e-03 0.1780 22452.29
22 2 2.631e-04 0.8414 22610.13
22 3 9.040e-04 1.0588 22766.45
22 4 3.672e-04 0.6737 22925.38
22 5 1.081e-03 0.1557 23082.00
22 6 7.743e-04 0.1467 23239.45
22 7 6.210e-05 0.1459 23398.68
23 0 6.070e-05 0.1459 23559.32
23 1 3.392e-03 0.1459 23722.65
23 2 3.162e-04 0.7368 23885.62
23 3 6.113e-04 0.8559 24048.12
23 4 1.343e-04 0.8260 24209.46
23 5 4.041e-04 0.1715 24369.46
23 6 2.759e-04 0.1799 24529.32
23 7 5.267e-05 0.1706 24690.53
24 0 1.588e-05 0.1706 24853.79
24 1 3.604e-03 0.1706 25017.86
24 2 2.899e-04 0.8267 25180.03
24 3 4.016e-04 1.0652 25344.08
24 4 2.584e-04 0.8083 25506.80
24 5 8.837e-04 0.1550 25666.27
24 6 6.839e-04 0.1429 25830.19
24 7 7.340e-05 0.1513 25992.88
25 0 1.863e-05 0.1513 26157.42
25 1 3.448e-03 0.1513 26325.70
25 2 3.411e-04 0.7387 26494.39
25 3 6.216e-04 0.8647 26661.46
25 4 1.172e-04 0.8671 26826.85
25 5 2.586e-04 0.1699 26992.78
25 6 1.539e-04 0.1709 27158.69
25 7 6.273e-05 0.1588 27329.76
26 0 1.543e-05 0.1588 27499.04
26 1 3.979e-03 0.1588 27668.24
26 2 3.111e-04 0.8040 27835.15
26 3 4.722e-04 1.0732 28003.38
26 4 6.185e-04 0.0455 28217.16
26 5 4.366e-04 0.0455 28381.66
26 6 1.980e-05 0.1773 28548.67
27 0 3.453e-05 0.1773 28717.91
27 1 3.560e-03 0.1773 28894.23
27 2 3.952e-04 0.7599 29067.99
27 3 6.172e-04 0.8719 29237.98
27 4 2.284e-04 0.7895 29406.88
27 5 1.031e-03 0.1595 29573.86
27 6 8.076e-04 0.1476 29747.68
27 7 7.938e-05 0.1357 29918.45
28 0 1.688e-05 0.1357 30092.12
28 1 4.342e-03 0.1357 30269.80
28 2 3.057e-04 0.7621 30445.04
28 3 5.956e-04 1.0853 30613.06
28 4 4.660e-04 0.7072 30783.82
28 5 1.644e-03 0.1821 30953.98
28 6 1.249e-03 0.1773 31124.65
28 7 1.061e-04 0.1569 31295.64
28 8 3.804e-05 0.6729 31470.79
29 0 7.109e-05 0.6729 31649.92
29 1 3.659e-03 0.6729 31826.96
29 2 1.278e-03 0.8541 32011.15
29 3 2.171e-03 0.2971 32185.36
29 4 2.832e-03 0.1654 32362.06
29 5 1.131e-03 0.1637 32539.57
29 6 8.717e-05 0.1304 32715.12
30 0 1.155e-05 0.1304 32895.42
30 1 4.758e-03 0.1304 33076.77
30 2 3.287e-04 0.7445 33261.41
30 3 6.730e-04 1.0827 33438.45
30 4 6.409e-04 0.6676 33613.24
30 5 2.069e-03 0.1802 33786.46
30 6 1.538e-03 0.1747 33961.72
30 7 3.245e-02 0.0003 34166.34
30 8 3.352e-02 0.0003 34341.55
30 9 1.928e-03 0.0003 34519.23
30 10 4.401e-05 0.0002 34695.86
31 0 6.812e-06 0.0002 34871.39
31 1 3.989e-03 0.0002 35056.42
31 2 2.438e-04 0.0037 35237.17
31 3 2.431e-04 0.6659 35423.83
31 4 1.197e-03 0.8939 35602.05
31 5 2.438e-03 0.3213 35781.24
31 6 3.482e-03 0.1639 35958.66
31 7 1.559e-03 0.1605 36136.50
31 8 1.223e-04 0.1387 36315.16
31 9 2.636e-05 0.3989 36492.91
32 0 2.844e-05 0.3989 36672.32
32 1 5.184e-03 0.3989 36857.51
32 2 8.835e-04 0.9244 37041.44
32 3 1.809e-03 0.6355 37218.40
32 4 4.573e-03 0.1650 37401.34
32 5 3.149e-03 0.1644 37581.03
32 6 2.122e-04 0.1299 37761.84
32 7 2.238e-05 0.3212 37956.77
33 0 6.005e-05 0.3212 38137.69
33 1 4.451e-03 0.3212 38326.64
33 2 7.812e-04 0.8202 38513.58
33 3 1.380e-03 0.7274 38697.72
33 4 2.816e-03 0.1547 38881.45
33 5 1.928e-03 0.1634 39066.80
33 6 2.248e-04 0.1646 39251.53
33 7 2.065e-05 0.4761 39436.70
34 0 5.107e-05 0.4761 39622.52
34 1 5.643e-03 0.4761 39813.05
34 2 1.121e-03 0.9371 40000.32
34 3 2.405e-03 0.5070 40185.28
34 4 5.169e-03 0.1680 40371.00
34 5 3.270e-03 0.1661 40556.51
34 6 2.531e-04 0.1272 40739.61
34 7 2.509e-05 0.3142 40922.33
35 0 1.794e-05 0.3142 41108.33
35 1 4.944e-03 0.3142 41305.01
35 2 8.277e-04 0.8215 41496.16
35 3 1.493e-03 0.7362 41692.82
35 4 3.059e-03 0.1544 41891.81
35 5 2.102e-03 0.1632 42082.45
35 6 2.401e-04 0.1656 42269.02
35 7 1.653e-04 0.4701 42459.56
35 8 2.132e-04 1.1162 42648.17
35 9 7.499e-05 0.9392 42835.81
36 0 6.390e-05 0.9392 43026.58
36 1 6.194e-03 0.9392 43224.94
36 2 1.660e-03 0.7350 43413.25
36 3 5.905e-03 0.1009 43600.87
36 4 6.202e-03 0.1231 43787.01
36 5 8.220e-04 0.1395 43974.46
36 6 3.084e-04 0.1888 44162.48
36 7 1.875e-04 0.4166 44357.83
36 8 1.235e-04 0.8407 44548.20
36 9 1.161e-04 0.9543 44736.12
36 10 1.252e-04 0.2370 44926.86
36 11 5.500e-05 0.1533 45117.52
37 0 5.121e-05 0.1533 45309.77
37 1 5.496e-03 0.1533 45511.29
37 2 5.035e-04 0.7401 45710.55
37 3 8.526e-04 0.9266 45905.24
37 4 2.899e-04 0.8621 46098.20
37 5 6.013e-04 0.1750 46299.05
37 6 3.767e-04 0.1725 46493.47
37 7 1.428e-04 0.1568 46687.77
37 8 2.535e-05 0.1483 46879.78
38 0 1.444e-05 0.1483 47075.25
38 1 6.666e-03 0.1483 47277.04
38 2 5.133e-04 0.7596 47479.48
38 3 8.594e-04 1.0441 47681.55
38 4 4.385e-04 0.8179 47874.84
38 5 1.419e-03 0.1880 48071.79
38 6 1.078e-03 0.1817 48264.98
38 7 1.132e-04 0.1509 48461.44
38 8 3.618e-05 0.1326 48655.64
39 0 2.194e-05 0.1326 48850.65
39 1 6.121e-03 0.1326 49062.58
39 2 4.890e-04 0.7193 49270.61
39 3 9.772e-04 0.9418 49471.05
39 4 8.680e-04 0.6483 49667.26
39 5 2.208e-03 0.1745 49866.50
39 6 1.556e-03 0.1758 50067.27
39 7 9.135e-05 0.1639 50267.15
40 0 1.389e-05 0.1639 50468.23
40 1 7.254e-03 0.1639 50678.21
40 2 5.934e-04 0.7799 50883.88
40 3 8.546e-04 1.0250 51087.37
40 4 1.838e-04 0.9290 51287.46
40 5 6.420e-04 0.1470 51484.27
40 6 5.952e-04 0.1407 51682.56
40 7 1.212e-04 0.1805 51880.28
40 8 4.251e-05 0.2762 52100.45
41 0 1.561e-05 0.2762 52308.17
41 1 6.745e-03 0.2762 52520.25
41 2 9.195e-04 0.8207 52736.64
41 3 1.702e-03 0.8041 52945.60
41 4 3.304e-03 0.1572 53149.50
41 5 2.409e-03 0.1642 53352.14
41 6 2.447e-04 0.1583 53562.10
41 7 2.679e-05 0.5112 53771.22
42 0 5.082e-05 0.5112 53978.56
42 1 7.858e-03 0.5112 54192.95
42 2 1.644e-03 0.9246 54404.18
42 3 3.742e-03 0.4399 54618.00
42 4 7.032e-03 0.1685 54829.12
42 5 4.125e-03 0.1665 55034.41
42 6 3.358e-04 0.1230 55271.75
42 7 3.680e-05 0.3419 55483.74
43 0 2.942e-05 0.3419 55700.59
43 1 7.371e-03 0.3419 55914.86
43 2 1.186e-03 0.8387 56124.85
43 3 2.425e-03 0.6817 56346.54
43 4 5.188e-03 0.1563 56558.53
43 5 3.528e-03 0.1631 56777.08
43 6 3.642e-04 0.1613 56987.21
43 7 4.338e-05 0.5315 57195.65
44 0 5.846e-05 0.5315 57413.16
44 1 8.509e-03 0.5315 57654.46
44 2 1.832e-03 0.9234 57875.98
44 3 4.261e-03 0.4112 58083.73
44 4 7.543e-03 0.1693 58294.54
44 5 4.226e-03 0.1672 58507.00
44 6 3.512e-04 0.1209 58719.66
44 7 2.157e-05 1.0000 58845.55
45 0 2.442e-04 1.0000 59055.59
45 1 7.129e-03 1.0000 59272.47
45 2 1.093e-02 0.1749 59491.85
45 3 7.644e-03 0.1455 59705.17
45 4 1.211e-03 0.1758 59924.47
45 5 1.549e-04 0.7631 60136.19
45 6 4.696e-04 0.7749 60356.86
45 7 1.580e-04 0.5457 60576.95
45 8 2.392e-04 0.1861 60795.34
45 9 1.885e-04 0.1517 61010.14
45 10 3.590e-05 0.1836 61222.29
46 0 1.481e-05 0.1836 61434.27
46 1 9.229e-03 0.1836 61656.13
46 2 8.104e-04 0.8071 61881.56
46 3 1.187e-03 0.9867 62105.32
46 4 9.568e-04 0.6330 62321.99
46 5 3.057e-03 0.1538 62532.45
46 6 2.138e-03 0.1490 62750.29
46 7 1.695e-04 0.1470 62973.87
46 8 2.725e-05 0.4817 63200.68
47 0 3.886e-05 0.4817 63421.34
47 1 8.753e-03 0.4817 63649.80
47 2 1.791e-03 0.8733 63878.27
47 3 4.076e-03 0.4732 64092.80
47 4 7.393e-03 0.1623 64307.37
47 5 4.408e-03 0.1639 64533.14
47 6 3.186e-04 0.1531 64748.23
47 7 7.936e-05 0.6009 64970.43
48 0 8.220e-05 0.6009 65187.44
48 1 9.917e-03 0.6009 65421.68
48 2 2.422e-03 0.9236 65648.55
48 3 5.833e-03 0.3304 65860.49
48 4 8.543e-03 0.1703 66083.64
48 5 4.053e-03 0.1671 66308.32
48 6 3.657e-04 0.1200 66537.95
48 7 4.203e-05 0.3671 66758.64
49 0 4.335e-05 0.3671 66984.61
49 1 9.450e-03 0.3671 67219.23
49 2 1.540e-03 0.8474 67447.93
49 3 3.389e-03 0.6312 67668.59
49 4 7.191e-03 0.1576 67894.25
49 5 4.789e-03 0.1629 68121.29
49 6 4.629e-04 0.1606 68341.21
49 7 6.384e-05 0.5829 68561.65
50 0 9.145e-05 0.5829 68783.58
50 1 1.066e-02 0.5829 69016.31
50 2 2.521e-03 0.9205 69248.06
50 3 6.019e-03 0.3469 69466.91
50 4 9.135e-03 0.1706 69693.65
50 5 4.534e-03 0.1677 69919.21
50 6 4.095e-04 0.1181 70143.14
50 7 4.714e-05 0.3780 70369.28
51 0 5.329e-05 0.3780 70598.63
