Rabbit_Basilar_Artery
1.6 	0.1047
1.00
553287	0.0	784318.5	29.16	784318.5	29.16	784318.5	29.16	784318.5	29.16	784318.5	29.16
-1.0	90.0	90.0	0.0	45.00	315.00
0.6426	1.257	1.238
1.00	1.07	1.07	1.07	1.07	1.07
1050.0
0.10	0.0001	0.0603	0.0604	0.3896	0.3896
0.0	0.0125	0.0125	0.0125	0.0125	0.0125
1.0     1.0     1.0     1.0     1.0     1.0
1.0     1.0     1.0     1.0     1.0     1.0
5.0     5.0     5.0     5.0     5.0     5.0
0.0     0.0     0.0     0.0     0.0     0.0
379346.8077 19.866 13333.333
0.1428571429 0.7000000000 1.2000000000
0.8326000000 0.8326000000
0.0

