Abdominal_Aorta_Braeu_2017
10.0     1.41
1.00
133810    0.0    33450    11.4    13520    11.2    13520    11.2    13520    11.2    13520    11.2
-1.0    90.0    90.0    0.0    41.94    318.06
0.5970    1.34    1.25
1.00    1.10    1.062    1.062    1.062    1.062
1050.0
0.23    0.15    0.062    0.062    0.248    0.248
0.0    0.01    0.01    0.01    0.01    0.01
1.0    1.0    1.0    1.0    1.0    1.0
1.0    1.0    1.0    1.0    1.0    1.0
1.0    1.0    1.0    1.0    1.0    1.0
0.0    0.0    0.0    0.0    0.0    0.0
100000.0 1.66 13332.2
0.15 0.8 1.4
0.8326 0.8326
0.0

