mouse_Vena_Cava
2.000   0.074
1.00
1000    0.0     1000    0.05   1000     0.05    24022   0.1     71  1.035   71  1.035
-1.0    90.0    90.0    0.0    36.6     323.4
0.3265  1.75   1.75
1.00    1.31    1.039 1.039 1.039 1.039
1050.0
0.10    0.480   0.0    0.14   0.14    0.14
0.0     0.9009  0.01   0.01    0.01    0.01
0.0     2.009   0.01   0.01    0.01    0.01
0.0     2.009   0.01   0.01    0.01    0.01
0.0     6.007   8.006  8.006   8.006   8.006
0.0     0.0     0.0     0.0     0.0     0.0
670     1.02
0.02    0.5     1.35
0.68    13.6
10900