Lamb_Thoracic_IVC
8.573 0.743
1.00
9913 0.0 48330 1.02 2696 14.92 2696 14.92 2696 14.92 2696 14.92
-1.0 90.0 90.0 0.0 41.94 318.06
0.5744 1.219 1.428
1.00 1.20 1.167 1.167 1.167 1.167
1050.0
0.10	0.081	0.0139	0.137	0.334	0.334
0.0	0.0125	0.0125	0.0125	0.0125	0.0125
1.0     1.0     1.0     1.0     1.0     1.0
0.0     0.0     0.0     0.0     0.0     0.0
5.0     5.0     5.0     5.0     5.0     5.0
0.0     0.0     0.0     0.0     0.0     0.0
12618.110959 1.6166 615.0
0.1428571429 0.4000000000 1.1000000000
0.8326000000 0.8326000000
0.0

