adabted_aorta_from_basilar_artery_Figueroa 
10.00 0.795
1.00
553287 0.0 784318.5 29.16 784318.5 29.16 784318.5 29.16 784318.5 29.16 784318.5 29.16
-1.0 90.0 90.0 0.0 45.0 315.0
0.6426 1.257 1.238
1.00 1.07 1.07 1.07 1.07 1.07
1050.0
0.1 0.0604 0.0 0.0604 0.3896 0.3896
0.0 0.0143 0.0143 0.0143 0.0143 0.0143
1.0     1.0     1.0     1.0     1.0     1.0
0.0     0.0     0.0     0.0     0.0     0.0
1.0     1.0     1.0     1.0     1.0     1.0
0.0     0.0     0.0     0.0     0.0     0.0
323812.900334 4.94017 13332.2
0.0143 0.7 1.2
1.0 0.0
39860.0